loss: 2.301713228225708 
accuracy: 0.10599999874830246 
